Your speed is 45.0(mph) and have been traveled for 32
The table of distance traveled base on your speed and hours traveled.

Hour		Distance traveled (Miles)
------------------------------------
  1		     45.000
  2		     90.000
  3		    135.000
  4		    180.000
  5		    225.000
  6		    270.000
  7		    315.000
  8		    360.000
  9		    405.000
 10		    450.000
 11		    495.000
 12		    540.000
 13		    585.000
 14		    630.000
 15		    675.000
 16		    720.000
 17		    765.000
 18		    810.000
 19		    855.000
 20		    900.000
 21		    945.000
 22		    990.000
 23		   1035.000
 24		   1080.000
 25		   1125.000
 26		   1170.000
 27		   1215.000
 28		   1260.000
 29		   1305.000
 30		   1350.000
 31		   1395.000
 32		   1440.000
